{
  "advancedEditorSelectedIdentifier" : "ProjectBrowser",
  "openSceneRelativePaths" : [
    "Immersive.usda"
  ],
  "recentIdentifiers" : {
    "AF09ED6F-1707-48FD-8720-65B998362C09" : [

    ],
    "DDC40C00-C7DB-4C2E-9E8F-2D7EE7016D03" : [

    ]
  },
  "sceneCameraHistory" : {
    "65F6F990-A780-4474-B78B-572E0E4E273D" : [
      {
        "date" : 792964506.515377,
        "title" : "Untitled",
        "transform" : [
          1,
          0,
          0,
          0,
          0,
          0.7071069,
          -0.70710677,
          0,
          0,
          0.70710677,
          0.7071069,
          0,
          -0.13902998,
          2.3873546,
          1.2702258,
          1
        ]
      }
    ],
    "AF09ED6F-1707-48FD-8720-65B998362C09" : [
      {
        "date" : 792964567.625505,
        "title" : "Untitled",
        "transform" : [
          0.9996936,
          3.798036e-09,
          0.024753777,
          0,
          0.010377216,
          0.9078862,
          -0.4190881,
          0,
          -0.02247359,
          0.41921654,
          0.9076081,
          0,
          -3.2055454,
          2.53868,
          3.8917193,
          1
        ]
      },
      {
        "date" : 792957907.026426,
        "title" : "Untitled",
        "transform" : [
          0.9998329,
          4.1040056e-09,
          0.018280722,
          0,
          0.005612933,
          0.95169675,
          -0.30698854,
          0,
          -0.01739768,
          0.30703983,
          0.95153767,
          0,
          -3.1853337,
          2.043053,
          4.1887326,
          1
        ]
      },
      {
        "date" : 792957904.806447,
        "title" : "Untitled",
        "transform" : [
          0.96864843,
          4.105459e-09,
          0.2484357,
          0,
          0.077704504,
          0.9498273,
          -0.30296904,
          0,
          -0.23597097,
          0.31277502,
          0.92004865,
          0,
          -4.0626225,
          2.0686297,
          3.3289282,
          1
        ]
      },
      {
        "date" : 792957901.726858,
        "title" : "Untitled",
        "transform" : [
          0.8920472,
          1.7914203e-09,
          0.45194256,
          0,
          -0.1731039,
          0.9237393,
          0.34167364,
          0,
          -0.417477,
          -0.38302198,
          0.82401896,
          0,
          -4.8325467,
          -1.1963774,
          2.6610272,
          1
        ]
      },
      {
        "date" : 792957364.504763,
        "title" : "Untitled",
        "transform" : [
          0.78921646,
          2.753069e-10,
          0.61411524,
          0,
          0.43131754,
          0.7118418,
          -0.5542981,
          0,
          -0.4371529,
          0.7023398,
          0.56179726,
          0,
          -4.2175922,
          3.734842,
          0.3588333,
          1
        ]
      },
      {
        "date" : 792957206.221668,
        "title" : "Untitled",
        "transform" : [
          0.7083822,
          -3.9599373e-09,
          0.7058291,
          0,
          0.42247948,
          0.80107963,
          -0.4240077,
          0,
          -0.5654253,
          0.59855783,
          0.5674706,
          0,
          -4.570836,
          3.3075058,
          0.18371478,
          1
        ]
      },
      {
        "date" : 792956497.870205,
        "title" : "Untitled",
        "transform" : [
          0.89684653,
          -8.23996e-10,
          0.4423419,
          0,
          0.18277976,
          0.9106361,
          -0.3705853,
          0,
          -0.40281242,
          0.41320923,
          0.81670076,
          0,
          -4.5510263,
          2.512396,
          2.2004347,
          1
        ]
      },
      {
        "date" : 792956490.723305,
        "title" : "Untitled",
        "transform" : [
          0.28959414,
          -9.754999e-09,
          0.95714957,
          0,
          0.03678652,
          0.9992611,
          -0.011130086,
          0,
          -0.95644236,
          0.038433414,
          0.2893802,
          0,
          -5.3416653,
          0.8195456,
          -1.6312108,
          1
        ]
      },
      {
        "date" : 792956485.076851,
        "title" : "Untitled",
        "transform" : [
          0.8664014,
          -1.8299179e-08,
          0.49934825,
          0,
          0.2670179,
          0.8450211,
          -0.46329322,
          0,
          -0.42195982,
          0.5347328,
          0.7321275,
          0,
          -4.4918222,
          3.0376909,
          1.5690316,
          1
        ]
      },
      {
        "date" : 792956003.300592,
        "title" : "Untitled",
        "transform" : [
          0.82006353,
          -2.219311e-08,
          0.5722725,
          0,
          0.13036302,
          0.97370815,
          -0.18680952,
          0,
          -0.5572264,
          0.22779886,
          0.79850256,
          0,
          -5.0668197,
          1.6872202,
          1.829349,
          1
        ]
      }
    ],
    "D66134B1-3681-4A8E-AFE5-29F257229F3B" : [
      {
        "date" : 792955193.740175,
        "title" : "Untitled",
        "transform" : [
          -0.09910553,
          -3.587034e-08,
          0.99507695,
          0,
          0.045107264,
          0.9989721,
          0.0044925474,
          0,
          -0.994054,
          0.045330472,
          -0.09900367,
          0,
          -34.772144,
          9.87983,
          1.5735168,
          1
        ]
      },
      {
        "date" : 792955175.041459,
        "title" : "Untitled",
        "transform" : [
          -0.11743113,
          -3.8067654e-08,
          0.9930811,
          0,
          0.48406103,
          0.8731601,
          0.05723992,
          0,
          -0.8671187,
          0.48743358,
          -0.10253618,
          0,
          -31.248875,
          26.82003,
          1.2921581,
          1
        ]
      },
      {
        "date" : 792955169.554298,
        "title" : "Untitled",
        "transform" : [
          -0.1262486,
          -3.7998888e-08,
          0.99199855,
          0,
          -0.09138374,
          0.99574775,
          -0.011630079,
          0,
          -0.9877805,
          -0.09212083,
          -0.12571181,
          0,
          -33.348274,
          4.7731104,
          0.7162814,
          1
        ]
      },
      {
        "date" : 792955163.397337,
        "title" : "Untitled",
        "transform" : [
          -0.105888404,
          1.6158603e-08,
          0.994378,
          0,
          0.31474757,
          0.9485835,
          0.033516582,
          0,
          -0.94325054,
          0.31652716,
          -0.10044401,
          0,
          -35.7917,
          8.975391,
          -1.7390943,
          1
        ]
      },
      {
        "date" : 792955154.869118,
        "title" : "Untitled",
        "transform" : [
          0.46722773,
          1.6580394e-08,
          0.8841369,
          0,
          0.45636916,
          0.85648334,
          -0.24117112,
          0,
          -0.7572486,
          0.51617473,
          0.40017277,
          0,
          -26.634386,
          16.754755,
          17.40035,
          1
        ]
      },
      {
        "date" : 792955152.333343,
        "title" : "Untitled",
        "transform" : [
          0.25632685,
          1.061106e-08,
          0.9665901,
          0,
          0.12434436,
          0.99169105,
          -0.032974437,
          0,
          -0.95855874,
          0.1286423,
          0.25419703,
          0,
          -31.676107,
          3.8227034,
          11.873841,
          1
        ]
      }
    ],
    "DDC40C00-C7DB-4C2E-9E8F-2D7EE7016D03" : [
      {
        "date" : 792963286.357971,
        "title" : "Untitled",
        "transform" : [
          0.97320646,
          -1.2466952e-09,
          -0.22993304,
          0,
          -0.1383542,
          0.79871064,
          -0.58559316,
          0,
          0.18364997,
          0.6017152,
          0.7773104,
          0,
          -3.2833958,
          118.93968,
          60.201283,
          1
        ]
      },
      {
        "date" : 792963259.974926,
        "title" : "Untitled",
        "transform" : [
          0.97320646,
          -1.2466952e-09,
          -0.22993304,
          0,
          -0.1383542,
          0.79871064,
          -0.58559316,
          0,
          0.18364997,
          0.6017152,
          0.7773104,
          0,
          -1.8268075,
          56.69695,
          27.650517,
          1
        ]
      },
      {
        "date" : 792963239.779405,
        "title" : "Untitled",
        "transform" : [
          0.97320646,
          -1.2466952e-09,
          -0.22993304,
          0,
          -0.1383542,
          0.79871064,
          -0.58559316,
          0,
          0.18364997,
          0.6017152,
          0.7773104,
          0,
          -0.7822653,
          2.2171352,
          2.0618935,
          1
        ]
      },
      {
        "date" : 792963015.037686,
        "title" : "Untitled",
        "transform" : [
          0.97320646,
          -1.2466952e-09,
          -0.22993304,
          0,
          -0.13835421,
          0.79871076,
          -0.5855932,
          0,
          0.18364999,
          0.60171527,
          0.7773105,
          0,
          -0.9165689,
          2.7146914,
          1.708467,
          1
        ]
      },
      {
        "date" : 792962708.780173,
        "title" : "Untitled",
        "transform" : [
          1,
          0,
          -0,
          0,
          -0,
          0.7071069,
          -0.7071067,
          0,
          0,
          0.7071067,
          0.7071069,
          0,
          -1.7581066,
          3.177619,
          1.1009209,
          1
        ]
      },
      {
        "date" : 792962706.086548,
        "title" : "Untitled",
        "transform" : [
          1,
          0,
          -0,
          0,
          -0,
          0.7071069,
          -0.7071067,
          0,
          0,
          0.7071067,
          0.7071069,
          0,
          -1.7581067,
          3.177619,
          1.1009204,
          1
        ]
      },
      {
        "date" : 792962700.371387,
        "title" : "Untitled",
        "transform" : [
          1,
          0,
          0,
          0,
          0,
          0.7071069,
          -0.70710677,
          0,
          0,
          0.70710677,
          0.7071069,
          0,
          -0.028802097,
          1.9102519,
          1.747329,
          1
        ]
      }
    ]
  },
  "sceneViewportBackgroundColors" : {

  },
  "selectedSceneRelativePath" : "Immersive.usda"
}