{
  "advancedEditorSelectedIdentifier" : "ProjectBrowser",
  "openSceneRelativePaths" : [
    "OnlySubmarine.usda"
  ],
  "recentIdentifiers" : {
    "A1802D06-AAEF-4500-A1EB-790E6DB61947" : [

    ],
    "AF09ED6F-1707-48FD-8720-65B998362C09" : [

    ],
    "DDC40C00-C7DB-4C2E-9E8F-2D7EE7016D03" : [

    ],
    "EAC32F40-AA6C-4EE3-9B26-7F69EFEE3A14" : [

    ]
  },
  "sceneCameraHistory" : {
    "65F6F990-A780-4474-B78B-572E0E4E273D" : [
      {
        "date" : 792964506.515377,
        "title" : "Untitled",
        "transform" : [
          1,
          0,
          0,
          0,
          0,
          0.7071069,
          -0.70710677,
          0,
          0,
          0.70710677,
          0.7071069,
          0,
          -0.13902998,
          2.3873546,
          1.2702258,
          1
        ]
      }
    ],
    "A1802D06-AAEF-4500-A1EB-790E6DB61947" : [
      {
        "date" : 793052638.47839,
        "title" : "Untitled",
        "transform" : [
          1,
          0,
          0,
          0,
          0,
          0.7071069,
          -0.70710677,
          0,
          0,
          0.70710677,
          0.7071069,
          0,
          0.13281256,
          4.0348682,
          -0.3772881,
          1
        ]
      },
      {
        "date" : 793052606.07879,
        "title" : "Untitled",
        "transform" : [
          1,
          0,
          0,
          0,
          0,
          0.7071069,
          -0.70710677,
          0,
          0,
          0.70710677,
          0.7071069,
          0,
          -0.01993817,
          1.2190837,
          2.4384959,
          1
        ]
      },
      {
        "date" : 793052594.260328,
        "title" : "Untitled",
        "transform" : [
          1,
          0,
          0,
          0,
          0,
          0.7071069,
          -0.70710677,
          0,
          0,
          0.70710677,
          0.7071069,
          0,
          0.057844102,
          7.172221,
          -3.5146403,
          1
        ]
      }
    ],
    "AF09ED6F-1707-48FD-8720-65B998362C09" : [
      {
        "date" : 793053510.955184,
        "title" : "Untitled",
        "transform" : [
          0.99982613,
          8.58309e-11,
          0.018644506,
          0,
          0.002174995,
          0.99317235,
          -0.1166358,
          0,
          -0.01851721,
          0.11665608,
          0.99299973,
          0,
          -21.98877,
          -12.106367,
          2.054566,
          1
        ]
      },
      {
        "date" : 793052619.326414,
        "title" : "Untitled",
        "transform" : [
          0.99982613,
          8.58309e-11,
          0.018644506,
          0,
          0.002174995,
          0.99317235,
          -0.1166358,
          0,
          -0.01851721,
          0.11665608,
          0.99299973,
          0,
          1.2138817,
          2.56078,
          0.7641678,
          1
        ]
      },
      {
        "date" : 793052424.062424,
        "title" : "Untitled",
        "transform" : [
          0.99982613,
          8.58309e-11,
          0.018644506,
          0,
          0.002174995,
          0.99317235,
          -0.1166358,
          0,
          -0.01851721,
          0.11665608,
          0.99299973,
          0,
          0.8929484,
          2.560204,
          0.7582514,
          1
        ]
      },
      {
        "date" : 793052410.931559,
        "title" : "Untitled",
        "transform" : [
          0.98678505,
          -1.9628321e-09,
          -0.16203472,
          0,
          -0.066597536,
          0.9116319,
          -0.40557638,
          0,
          0.147716,
          0.41100776,
          0.8995846,
          0,
          0.8929484,
          2.560204,
          0.7582514,
          1
        ]
      },
      {
        "date" : 793052406.095686,
        "title" : "Untitled",
        "transform" : [
          0.98678505,
          -1.9628321e-09,
          -0.16203472,
          0,
          -0.066597536,
          0.9116319,
          -0.40557638,
          0,
          0.147716,
          0.41100776,
          0.8995846,
          0,
          2.1911802,
          2.580233,
          0.53592443,
          1
        ]
      },
      {
        "date" : 793051383.770485,
        "title" : "Untitled",
        "transform" : [
          0.98678505,
          -1.9628321e-09,
          -0.16203472,
          0,
          -0.066597536,
          0.9116319,
          -0.40557638,
          0,
          0.147716,
          0.41100776,
          0.8995846,
          0,
          2.2316427,
          2.5675921,
          0.5350559,
          1
        ]
      },
      {
        "date" : 793049410.669093,
        "title" : "Untitled",
        "transform" : [
          0.98678505,
          -1.9628321e-09,
          -0.16203472,
          0,
          -0.066597536,
          0.9116319,
          -0.40557638,
          0,
          0.147716,
          0.41100776,
          0.8995846,
          0,
          2.2316427,
          2.5675921,
          0.5350559,
          1
        ]
      },
      {
        "date" : 793049397.154628,
        "title" : "Untitled",
        "transform" : [
          0.98678505,
          -1.9628321e-09,
          -0.16203472,
          0,
          -0.066597536,
          0.9116319,
          -0.40557638,
          0,
          0.147716,
          0.41100776,
          0.8995846,
          0,
          0.9612889,
          2.1822047,
          0.9197321,
          1
        ]
      },
      {
        "date" : 793049390.953771,
        "title" : "Untitled",
        "transform" : [
          0.98678505,
          -1.9628321e-09,
          -0.16203472,
          0,
          -0.066597536,
          0.9116319,
          -0.40557638,
          0,
          0.147716,
          0.41100776,
          0.8995846,
          0,
          0.9767375,
          1.8412398,
          1.0729773,
          1
        ]
      },
      {
        "date" : 793049384.072448,
        "title" : "Untitled",
        "transform" : [
          0.98678505,
          -1.9628321e-09,
          -0.16203472,
          0,
          -0.066597536,
          0.9116319,
          -0.40557638,
          0,
          0.147716,
          0.41100776,
          0.8995846,
          0,
          1.4156845,
          2.3821723,
          0.75375557,
          1
        ]
      }
    ],
    "D66134B1-3681-4A8E-AFE5-29F257229F3B" : [
      {
        "date" : 792955193.740175,
        "title" : "Untitled",
        "transform" : [
          -0.09910553,
          -3.587034e-08,
          0.99507695,
          0,
          0.045107264,
          0.9989721,
          0.0044925474,
          0,
          -0.994054,
          0.045330472,
          -0.09900367,
          0,
          -34.772144,
          9.87983,
          1.5735168,
          1
        ]
      },
      {
        "date" : 792955175.041459,
        "title" : "Untitled",
        "transform" : [
          -0.11743113,
          -3.8067654e-08,
          0.9930811,
          0,
          0.48406103,
          0.8731601,
          0.05723992,
          0,
          -0.8671187,
          0.48743358,
          -0.10253618,
          0,
          -31.248875,
          26.82003,
          1.2921581,
          1
        ]
      },
      {
        "date" : 792955169.554298,
        "title" : "Untitled",
        "transform" : [
          -0.1262486,
          -3.7998888e-08,
          0.99199855,
          0,
          -0.09138374,
          0.99574775,
          -0.011630079,
          0,
          -0.9877805,
          -0.09212083,
          -0.12571181,
          0,
          -33.348274,
          4.7731104,
          0.7162814,
          1
        ]
      },
      {
        "date" : 792955163.397337,
        "title" : "Untitled",
        "transform" : [
          -0.105888404,
          1.6158603e-08,
          0.994378,
          0,
          0.31474757,
          0.9485835,
          0.033516582,
          0,
          -0.94325054,
          0.31652716,
          -0.10044401,
          0,
          -35.7917,
          8.975391,
          -1.7390943,
          1
        ]
      },
      {
        "date" : 792955154.869118,
        "title" : "Untitled",
        "transform" : [
          0.46722773,
          1.6580394e-08,
          0.8841369,
          0,
          0.45636916,
          0.85648334,
          -0.24117112,
          0,
          -0.7572486,
          0.51617473,
          0.40017277,
          0,
          -26.634386,
          16.754755,
          17.40035,
          1
        ]
      },
      {
        "date" : 792955152.333343,
        "title" : "Untitled",
        "transform" : [
          0.25632685,
          1.061106e-08,
          0.9665901,
          0,
          0.12434436,
          0.99169105,
          -0.032974437,
          0,
          -0.95855874,
          0.1286423,
          0.25419703,
          0,
          -31.676107,
          3.8227034,
          11.873841,
          1
        ]
      }
    ],
    "DDC40C00-C7DB-4C2E-9E8F-2D7EE7016D03" : [
      {
        "date" : 792963286.357971,
        "title" : "Untitled",
        "transform" : [
          0.97320646,
          -1.2466952e-09,
          -0.22993304,
          0,
          -0.1383542,
          0.79871064,
          -0.58559316,
          0,
          0.18364997,
          0.6017152,
          0.7773104,
          0,
          -3.2833958,
          118.93968,
          60.201283,
          1
        ]
      },
      {
        "date" : 792963259.974926,
        "title" : "Untitled",
        "transform" : [
          0.97320646,
          -1.2466952e-09,
          -0.22993304,
          0,
          -0.1383542,
          0.79871064,
          -0.58559316,
          0,
          0.18364997,
          0.6017152,
          0.7773104,
          0,
          -1.8268075,
          56.69695,
          27.650517,
          1
        ]
      },
      {
        "date" : 792963239.779405,
        "title" : "Untitled",
        "transform" : [
          0.97320646,
          -1.2466952e-09,
          -0.22993304,
          0,
          -0.1383542,
          0.79871064,
          -0.58559316,
          0,
          0.18364997,
          0.6017152,
          0.7773104,
          0,
          -0.7822653,
          2.2171352,
          2.0618935,
          1
        ]
      },
      {
        "date" : 792963015.037686,
        "title" : "Untitled",
        "transform" : [
          0.97320646,
          -1.2466952e-09,
          -0.22993304,
          0,
          -0.13835421,
          0.79871076,
          -0.5855932,
          0,
          0.18364999,
          0.60171527,
          0.7773105,
          0,
          -0.9165689,
          2.7146914,
          1.708467,
          1
        ]
      },
      {
        "date" : 792962708.780173,
        "title" : "Untitled",
        "transform" : [
          1,
          0,
          -0,
          0,
          -0,
          0.7071069,
          -0.7071067,
          0,
          0,
          0.7071067,
          0.7071069,
          0,
          -1.7581066,
          3.177619,
          1.1009209,
          1
        ]
      },
      {
        "date" : 792962706.086548,
        "title" : "Untitled",
        "transform" : [
          1,
          0,
          -0,
          0,
          -0,
          0.7071069,
          -0.7071067,
          0,
          0,
          0.7071067,
          0.7071069,
          0,
          -1.7581067,
          3.177619,
          1.1009204,
          1
        ]
      },
      {
        "date" : 792962700.371387,
        "title" : "Untitled",
        "transform" : [
          1,
          0,
          0,
          0,
          0,
          0.7071069,
          -0.70710677,
          0,
          0,
          0.70710677,
          0.7071069,
          0,
          -0.028802097,
          1.9102519,
          1.747329,
          1
        ]
      }
    ],
    "EAC32F40-AA6C-4EE3-9B26-7F69EFEE3A14" : [
      {
        "date" : 793130908.991407,
        "title" : "Untitled",
        "transform" : [
          -0.99999845,
          2.9826805e-12,
          -0.0017715092,
          0,
          -0.00023817181,
          0.9909209,
          0.1344455,
          0,
          0.0017554255,
          0.13444571,
          -0.99091935,
          0,
          -2.3450525,
          1.3798797,
          -0.58040905,
          1
        ]
      },
      {
        "date" : 793056816.789171,
        "title" : "Untitled",
        "transform" : [
          -0.99999845,
          2.9826805e-12,
          -0.0017715092,
          0,
          -0.00023817181,
          0.9909209,
          0.1344455,
          0,
          0.0017554255,
          0.13444571,
          -0.99091935,
          0,
          -2.3437915,
          0.9246013,
          -0.64217806,
          1
        ]
      },
      {
        "date" : 793056747.818497,
        "title" : "Untitled",
        "transform" : [
          -0.99999845,
          2.9826805e-12,
          -0.0017715092,
          0,
          -0.00023817181,
          0.9909209,
          0.1344455,
          0,
          0.0017554255,
          0.13444571,
          -0.99091935,
          0,
          -2.3437915,
          0.9246013,
          -0.64217806,
          1
        ]
      },
      {
        "date" : 793056674.385882,
        "title" : "Untitled",
        "transform" : [
          -0.99999845,
          8.370335e-09,
          -0.001771508,
          0,
          -0.00023816337,
          0.9909209,
          0.1344455,
          0,
          0.0017554255,
          0.13444571,
          -0.99091935,
          0,
          -2.3437915,
          0.9246013,
          -0.64217806,
          1
        ]
      },
      {
        "date" : 793056670.252263,
        "title" : "Untitled",
        "transform" : [
          -0.99999845,
          8.370335e-09,
          -0.001771508,
          0,
          -0.00023816337,
          0.9909209,
          0.1344455,
          0,
          0.0017554255,
          0.13444571,
          -0.99091935,
          0,
          -1.5842509,
          0.76704,
          -0.66221046,
          1
        ]
      },
      {
        "date" : 793056666.542636,
        "title" : "Untitled",
        "transform" : [
          -0.99999845,
          8.370335e-09,
          -0.001771508,
          0,
          -0.00023816337,
          0.9909209,
          0.1344455,
          0,
          0.0017554255,
          0.13444571,
          -0.99091935,
          0,
          -2.503693,
          0.8155954,
          -0.6572515,
          1
        ]
      },
      {
        "date" : 793056645.449592,
        "title" : "Untitled",
        "transform" : [
          -0.99999845,
          8.370335e-09,
          -0.001771508,
          0,
          -0.00023816337,
          0.9909209,
          0.1344455,
          0,
          0.0017554255,
          0.13444571,
          -0.99091935,
          0,
          -0.05233109,
          0.18162537,
          -0.7389244,
          1
        ]
      },
      {
        "date" : 793056611.568363,
        "title" : "Untitled",
        "transform" : [
          -0.99999845,
          8.370335e-09,
          -0.001771508,
          0,
          -0.00023816337,
          0.9909209,
          0.1344455,
          0,
          0.0017554255,
          0.13444571,
          -0.99091935,
          0,
          -0.123077035,
          0.21663594,
          -0.73429966,
          1
        ]
      },
      {
        "date" : 793056251.752861,
        "title" : "Untitled",
        "transform" : [
          -0.40623912,
          -5.897043e-09,
          0.91376686,
          0,
          0.18229721,
          0.97989774,
          0.08104506,
          0,
          -0.8953979,
          0.19950084,
          -0.39807278,
          0,
          -1.0615253,
          0.43004918,
          -0.70700693,
          1
        ]
      },
      {
        "date" : 793056244.36685,
        "title" : "Untitled",
        "transform" : [
          -0.40623912,
          -5.897043e-09,
          0.91376686,
          0,
          0.18229721,
          0.97989774,
          0.08104506,
          0,
          -0.8953979,
          0.19950084,
          -0.39807278,
          0,
          -1.0084968,
          1.2314351,
          -0.42466092,
          1
        ]
      }
    ]
  },
  "sceneViewportBackgroundColors" : {

  },
  "selectedSceneRelativePath" : "OnlySubmarine.usda"
}