{
  "advancedEditorSelectedIdentifier" : "ProjectBrowser",
  "openSceneRelativePaths" : [
    "OnlySubmarine.usda",
    "Immersive.usda",
    "Scene.usda"
  ],
  "recentIdentifiers" : {
    "A1802D06-AAEF-4500-A1EB-790E6DB61947" : [

    ],
    "AF09ED6F-1707-48FD-8720-65B998362C09" : [

    ],
    "D66134B1-3681-4A8E-AFE5-29F257229F3B" : [

    ],
    "DDC40C00-C7DB-4C2E-9E8F-2D7EE7016D03" : [

    ],
    "EAC32F40-AA6C-4EE3-9B26-7F69EFEE3A14" : [

    ]
  },
  "sceneCameraHistory" : {
    "65F6F990-A780-4474-B78B-572E0E4E273D" : [
      {
        "date" : 792964506.515377,
        "title" : "Untitled",
        "transform" : [
          1,
          0,
          0,
          0,
          0,
          0.7071069,
          -0.70710677,
          0,
          0,
          0.70710677,
          0.7071069,
          0,
          -0.13902998,
          2.3873546,
          1.2702258,
          1
        ]
      }
    ],
    "A1802D06-AAEF-4500-A1EB-790E6DB61947" : [
      {
        "date" : 793052638.47839,
        "title" : "Untitled",
        "transform" : [
          1,
          0,
          0,
          0,
          0,
          0.7071069,
          -0.70710677,
          0,
          0,
          0.70710677,
          0.7071069,
          0,
          0.13281256,
          4.0348682,
          -0.3772881,
          1
        ]
      },
      {
        "date" : 793052606.07879,
        "title" : "Untitled",
        "transform" : [
          1,
          0,
          0,
          0,
          0,
          0.7071069,
          -0.70710677,
          0,
          0,
          0.70710677,
          0.7071069,
          0,
          -0.01993817,
          1.2190837,
          2.4384959,
          1
        ]
      },
      {
        "date" : 793052594.260328,
        "title" : "Untitled",
        "transform" : [
          1,
          0,
          0,
          0,
          0,
          0.7071069,
          -0.70710677,
          0,
          0,
          0.70710677,
          0.7071069,
          0,
          0.057844102,
          7.172221,
          -3.5146403,
          1
        ]
      }
    ],
    "AF09ED6F-1707-48FD-8720-65B998362C09" : [
      {
        "date" : 793301357.03944,
        "title" : "Untitled",
        "transform" : [
          0.8167474,
          -1.0296847e-05,
          0.5769953,
          0,
          0.10488145,
          0.9833434,
          -0.14844403,
          0,
          -0.5673831,
          0.18175732,
          0.80314434,
          0,
          -2.5208697,
          4.433818,
          3.4226294,
          1
        ]
      },
      {
        "date" : 793298203.962269,
        "title" : "Untitled",
        "transform" : [
          0.8167474,
          -1.0296847e-05,
          0.5769953,
          0,
          0.10488145,
          0.9833434,
          -0.14844403,
          0,
          -0.5673831,
          0.18175732,
          0.80314434,
          0,
          -2.5279388,
          2.4559317,
          3.8652444,
          1
        ]
      },
      {
        "date" : 793298163.160052,
        "title" : "Untitled",
        "transform" : [
          0.8167474,
          -1.0296847e-05,
          0.5769953,
          0,
          0.10488145,
          0.9833434,
          -0.14844403,
          0,
          -0.5673831,
          0.18175732,
          0.80314434,
          0,
          -4.7068415,
          0.7574419,
          2.7103353,
          1
        ]
      },
      {
        "date" : 793298161.038499,
        "title" : "Untitled",
        "transform" : [
          0.8167474,
          -1.0296847e-05,
          0.5769953,
          0,
          0.10488145,
          0.9833434,
          -0.14844403,
          0,
          -0.5673831,
          0.18175732,
          0.80314434,
          0,
          -12.1893,
          1.9615461,
          7.0189505,
          1
        ]
      },
      {
        "date" : 793297770.109806,
        "title" : "Untitled",
        "transform" : [
          0.8167474,
          -1.0296847e-05,
          0.5769953,
          0,
          0.10488145,
          0.9833434,
          -0.14844403,
          0,
          -0.5673831,
          0.18175732,
          0.80314434,
          0,
          -3.3916419,
          0.54579526,
          1.9530053,
          1
        ]
      },
      {
        "date" : 793297767.077238,
        "title" : "Untitled",
        "transform" : [
          0.8167474,
          -1.0296847e-05,
          0.5769953,
          0,
          0.10488145,
          0.9833434,
          -0.14844403,
          0,
          -0.5673831,
          0.18175732,
          0.80314434,
          0,
          -11.822616,
          2.1371355,
          13.478527,
          1
        ]
      },
      {
        "date" : 793297625.860869,
        "title" : "Untitled",
        "transform" : [
          0.8167474,
          -1.0296847e-05,
          0.5769953,
          0,
          0.10488145,
          0.9833434,
          -0.14844403,
          0,
          -0.5673831,
          0.18175732,
          0.80314434,
          0,
          -15.0672245,
          2.7495532,
          17.914055,
          1
        ]
      },
      {
        "date" : 793297612.562725,
        "title" : "Untitled",
        "transform" : [
          0.9996198,
          -1.02973245e-05,
          -0.027576586,
          0,
          -0.014478112,
          0.8508972,
          -0.5251328,
          0,
          0.023470245,
          0.52533233,
          0.8505735,
          0,
          1.103502,
          12.359664,
          20.417597,
          1
        ]
      },
      {
        "date" : 793297608.027146,
        "title" : "Untitled",
        "transform" : [
          0.9996198,
          -1.02973245e-05,
          -0.027576586,
          0,
          -0.014478112,
          0.8508972,
          -0.5251328,
          0,
          0.023470245,
          0.52533233,
          0.8505735,
          0,
          3.237779,
          52.53298,
          78.47825,
          1
        ]
      },
      {
        "date" : 793297595.310237,
        "title" : "Untitled",
        "transform" : [
          0.9996198,
          -1.02973245e-05,
          -0.027576586,
          0,
          -0.014478112,
          0.8508972,
          -0.5251328,
          0,
          0.023470245,
          0.52533233,
          0.8505735,
          0,
          1.1165153,
          5.053588,
          1.6031616,
          1
        ]
      }
    ],
    "D66134B1-3681-4A8E-AFE5-29F257229F3B" : [
      {
        "date" : 793339603.98598,
        "title" : "Untitled",
        "transform" : [
          0.99972355,
          -5.620694e-10,
          0.023511173,
          0,
          -0.002428836,
          0.99464965,
          0.10327707,
          0,
          -0.023385396,
          -0.10330563,
          0.99437475,
          0,
          -0.28017625,
          0.100916855,
          0.6890256,
          1
        ]
      },
      {
        "date" : 793339093.082657,
        "title" : "Untitled",
        "transform" : [
          0.99972355,
          -5.620694e-10,
          0.023511173,
          0,
          -0.002428836,
          0.99464965,
          0.10327707,
          0,
          -0.023385396,
          -0.10330563,
          0.99437475,
          0,
          -0.091009736,
          0.100917034,
          0.69347435,
          1
        ]
      },
      {
        "date" : 793339060.984442,
        "title" : "Untitled",
        "transform" : [
          0.99972355,
          -5.620694e-10,
          0.023511173,
          0,
          -0.002428836,
          0.99464965,
          0.10327707,
          0,
          -0.023385396,
          -0.10330563,
          0.99437475,
          0,
          -0.091009736,
          0.100917034,
          0.69347435,
          1
        ]
      },
      {
        "date" : 793339057.650854,
        "title" : "Untitled",
        "transform" : [
          0.99555546,
          -5.613352e-10,
          -0.09417686,
          0,
          0.015071794,
          0.987111,
          0.15932584,
          0,
          0.092963,
          -0.16003713,
          0.9827238,
          0,
          -0.012577295,
          0.06177591,
          0.6334669,
          1
        ]
      },
      {
        "date" : 793339053.032606,
        "title" : "Untitled",
        "transform" : [
          0.98722064,
          9.741587e-11,
          -0.15935953,
          0,
          0.0073883445,
          0.9989246,
          0.045770254,
          0,
          0.15918815,
          -0.04636274,
          0.98615897,
          0,
          0.025922,
          0.13964191,
          0.5821372,
          1
        ]
      },
      {
        "date" : 793339039.734105,
        "title" : "Untitled",
        "transform" : [
          0.98722064,
          9.741587e-11,
          -0.15935953,
          0,
          0.0073883445,
          0.9989246,
          0.045770254,
          0,
          0.15918815,
          -0.04636274,
          0.98615897,
          0,
          -0.111645356,
          0.48457095,
          2.442844,
          1
        ]
      },
      {
        "date" : 793339032.066118,
        "title" : "Untitled",
        "transform" : [
          0.9864115,
          1.6964918e-10,
          -0.16429365,
          0,
          0.007617103,
          0.9989247,
          0.045732737,
          0,
          0.16411698,
          -0.04636274,
          0.9853508,
          0,
          -0.09942982,
          0.48457095,
          2.4433727,
          1
        ]
      },
      {
        "date" : 793338870.567581,
        "title" : "Untitled",
        "transform" : [
          0.435828,
          1.6731754e-09,
          -0.9000301,
          0,
          -0.12878385,
          0.9897099,
          -0.062361926,
          0,
          0.89076865,
          0.1430884,
          0.4313433,
          0,
          1.8150516,
          0.9261584,
          1.4361742,
          1
        ]
      },
      {
        "date" : 793338865.98113,
        "title" : "Untitled",
        "transform" : [
          0.435828,
          1.6731754e-09,
          -0.9000301,
          0,
          -0.12878385,
          0.9897099,
          -0.062361926,
          0,
          0.89076865,
          0.1430884,
          0.4313433,
          0,
          2.2376268,
          1.7013924,
          0.3063469,
          1
        ]
      },
      {
        "date" : 793338835.332775,
        "title" : "Untitled",
        "transform" : [
          0.435828,
          1.6731754e-09,
          -0.9000301,
          0,
          -0.12878385,
          0.9897099,
          -0.062361926,
          0,
          0.89076865,
          0.1430884,
          0.4313433,
          0,
          2.072215,
          0.72803473,
          0.97082794,
          1
        ]
      }
    ],
    "DDC40C00-C7DB-4C2E-9E8F-2D7EE7016D03" : [
      {
        "date" : 792963286.357971,
        "title" : "Untitled",
        "transform" : [
          0.97320646,
          -1.2466952e-09,
          -0.22993304,
          0,
          -0.1383542,
          0.79871064,
          -0.58559316,
          0,
          0.18364997,
          0.6017152,
          0.7773104,
          0,
          -3.2833958,
          118.93968,
          60.201283,
          1
        ]
      },
      {
        "date" : 792963259.974926,
        "title" : "Untitled",
        "transform" : [
          0.97320646,
          -1.2466952e-09,
          -0.22993304,
          0,
          -0.1383542,
          0.79871064,
          -0.58559316,
          0,
          0.18364997,
          0.6017152,
          0.7773104,
          0,
          -1.8268075,
          56.69695,
          27.650517,
          1
        ]
      },
      {
        "date" : 792963239.779405,
        "title" : "Untitled",
        "transform" : [
          0.97320646,
          -1.2466952e-09,
          -0.22993304,
          0,
          -0.1383542,
          0.79871064,
          -0.58559316,
          0,
          0.18364997,
          0.6017152,
          0.7773104,
          0,
          -0.7822653,
          2.2171352,
          2.0618935,
          1
        ]
      },
      {
        "date" : 792963015.037686,
        "title" : "Untitled",
        "transform" : [
          0.97320646,
          -1.2466952e-09,
          -0.22993304,
          0,
          -0.13835421,
          0.79871076,
          -0.5855932,
          0,
          0.18364999,
          0.60171527,
          0.7773105,
          0,
          -0.9165689,
          2.7146914,
          1.708467,
          1
        ]
      },
      {
        "date" : 792962708.780173,
        "title" : "Untitled",
        "transform" : [
          1,
          0,
          -0,
          0,
          -0,
          0.7071069,
          -0.7071067,
          0,
          0,
          0.7071067,
          0.7071069,
          0,
          -1.7581066,
          3.177619,
          1.1009209,
          1
        ]
      },
      {
        "date" : 792962706.086548,
        "title" : "Untitled",
        "transform" : [
          1,
          0,
          -0,
          0,
          -0,
          0.7071069,
          -0.7071067,
          0,
          0,
          0.7071067,
          0.7071069,
          0,
          -1.7581067,
          3.177619,
          1.1009204,
          1
        ]
      },
      {
        "date" : 792962700.371387,
        "title" : "Untitled",
        "transform" : [
          1,
          0,
          0,
          0,
          0,
          0.7071069,
          -0.70710677,
          0,
          0,
          0.70710677,
          0.7071069,
          0,
          -0.028802097,
          1.9102519,
          1.747329,
          1
        ]
      }
    ],
    "EAC32F40-AA6C-4EE3-9B26-7F69EFEE3A14" : [
      {
        "date" : 793301370.422443,
        "title" : "Untitled",
        "transform" : [
          -0.99999845,
          2.9826805e-12,
          -0.0017715092,
          0,
          -0.00023817181,
          0.9909209,
          0.1344455,
          0,
          0.0017554255,
          0.13444571,
          -0.99091935,
          0,
          -30.042526,
          -29.244963,
          7.4027433,
          1
        ]
      },
      {
        "date" : 793301360.521397,
        "title" : "Untitled",
        "transform" : [
          -0.99999845,
          2.9826805e-12,
          -0.0017715092,
          0,
          -0.00023817181,
          0.9909209,
          0.1344455,
          0,
          0.0017554255,
          0.13444571,
          -0.99091935,
          0,
          -84.29001,
          49.59807,
          -20.862085,
          1
        ]
      },
      {
        "date" : 793130908.991407,
        "title" : "Untitled",
        "transform" : [
          -0.99999845,
          2.9826805e-12,
          -0.0017715092,
          0,
          -0.00023817181,
          0.9909209,
          0.1344455,
          0,
          0.0017554255,
          0.13444571,
          -0.99091935,
          0,
          -2.3450525,
          1.3798797,
          -0.58040905,
          1
        ]
      },
      {
        "date" : 793056816.789171,
        "title" : "Untitled",
        "transform" : [
          -0.99999845,
          2.9826805e-12,
          -0.0017715092,
          0,
          -0.00023817181,
          0.9909209,
          0.1344455,
          0,
          0.0017554255,
          0.13444571,
          -0.99091935,
          0,
          -2.3437915,
          0.9246013,
          -0.64217806,
          1
        ]
      },
      {
        "date" : 793056747.818497,
        "title" : "Untitled",
        "transform" : [
          -0.99999845,
          2.9826805e-12,
          -0.0017715092,
          0,
          -0.00023817181,
          0.9909209,
          0.1344455,
          0,
          0.0017554255,
          0.13444571,
          -0.99091935,
          0,
          -2.3437915,
          0.9246013,
          -0.64217806,
          1
        ]
      },
      {
        "date" : 793056674.385882,
        "title" : "Untitled",
        "transform" : [
          -0.99999845,
          8.370335e-09,
          -0.001771508,
          0,
          -0.00023816337,
          0.9909209,
          0.1344455,
          0,
          0.0017554255,
          0.13444571,
          -0.99091935,
          0,
          -2.3437915,
          0.9246013,
          -0.64217806,
          1
        ]
      },
      {
        "date" : 793056670.252263,
        "title" : "Untitled",
        "transform" : [
          -0.99999845,
          8.370335e-09,
          -0.001771508,
          0,
          -0.00023816337,
          0.9909209,
          0.1344455,
          0,
          0.0017554255,
          0.13444571,
          -0.99091935,
          0,
          -1.5842509,
          0.76704,
          -0.66221046,
          1
        ]
      },
      {
        "date" : 793056666.542636,
        "title" : "Untitled",
        "transform" : [
          -0.99999845,
          8.370335e-09,
          -0.001771508,
          0,
          -0.00023816337,
          0.9909209,
          0.1344455,
          0,
          0.0017554255,
          0.13444571,
          -0.99091935,
          0,
          -2.503693,
          0.8155954,
          -0.6572515,
          1
        ]
      },
      {
        "date" : 793056645.449592,
        "title" : "Untitled",
        "transform" : [
          -0.99999845,
          8.370335e-09,
          -0.001771508,
          0,
          -0.00023816337,
          0.9909209,
          0.1344455,
          0,
          0.0017554255,
          0.13444571,
          -0.99091935,
          0,
          -0.05233109,
          0.18162537,
          -0.7389244,
          1
        ]
      },
      {
        "date" : 793056611.568363,
        "title" : "Untitled",
        "transform" : [
          -0.99999845,
          8.370335e-09,
          -0.001771508,
          0,
          -0.00023816337,
          0.9909209,
          0.1344455,
          0,
          0.0017554255,
          0.13444571,
          -0.99091935,
          0,
          -0.123077035,
          0.21663594,
          -0.73429966,
          1
        ]
      }
    ]
  },
  "sceneViewportBackgroundColors" : {

  },
  "selectedSceneRelativePath" : "Scene.usda"
}